N = 100m (p = 1) = 0.191495s  (p = 2) = 0.141161s (p = 4) = 0.146369s (p = 6) = 0.149655s (p = 8) = 0.154619s (p = 12) = 0.156264s
N = 200m (p = 1) = 0.387870s  (p = 2) = 0.290154s (p = 4) = 0.303829s (p = 6) = 0.315358s (p = 8) = 0.323479s (p = 12) = 0.325885s
N = 400m (p = 1) = 0.766625s  (p = 2) = 0.581767s (p = 4) = 0.596357s (p = 6) = 0.612849s (p = 8) = 0.628498s (p = 12) = 0.636637s
N = 800m (p = 1) = 59.034587s (p = 2) = 2.652437s (p = 4) = 1.221360s (p = 6) = 1.254222s (p = 8) = 1.293917s (p = 12) = 1.303228s
